folder: 1, accuracy: 0.6791143262134024 
folder: 2, accuracy: 0.8304902487902635 
folder: 3, accuracy: 0.8525832152109096 
folder: 4, accuracy: 0.7123515323329586 
