folder: 1, accuracy: 0.8867491079720417 
folder: 2, accuracy: 0.8888019942323672 
folder: 3, accuracy: 0.8866024732391613 
folder: 4, accuracy: 0.8881176988122587 
