folder: 1, accuracy: 0.8850383694217704 
folder: 2, accuracy: 0.8843540740016619 
folder: 3, accuracy: 0.8831321178943252 
folder: 4, accuracy: 0.8847450999560096 
