folder: 1, accuracy: 0.9005327728627988 
folder: 2, accuracy: 0.8948628965247568 
folder: 3, accuracy: 0.9013148247714942 
folder: 4, accuracy: 0.9006305293513857 
