folder: 1, accuracy: 0.8971112957622562 
folder: 2, accuracy: 0.8964758785864412 
folder: 3, accuracy: 0.8962803656092673 
folder: 4, accuracy: 0.8983821301138863 
