folder: 1, accuracy: 0.9166625934796422 
folder: 2, accuracy: 0.9266337553155091 
folder: 3, accuracy: 0.8540495625397135 
folder: 4, accuracy: 0.9008260423285596 
